id,species1,species2,species3
sample_1,0.997018401218565,0.00298159867482225,1.06612295455238e-10
sample_2,5.61583876027867e-05,0.949418038413864,0.050525803198533
sample_3,0.999576742108289,0.000423257867261087,2.44495405750505e-11
sample_4,9.76394288213488e-09,0.000464113036384085,0.999535877199673
sample_5,0.000337880514730941,0.999553282889211,0.000108836596057809
sample_6,0.313176325961333,0.686823543156668,1.30881998290981e-07
sample_7,9.14601976919707e-09,0.000481276348984634,0.999518714504996
sample_8,4.76782475862535e-05,0.942872087826802,0.0570802339256116
sample_9,0.00197169839419976,0.99801174050988,1.65610959199465e-05
sample_10,0.00107370883472328,0.998911265151058,1.50260142190577e-05
sample_11,6.39227684837578e-08,0.00357147303063264,0.996428463046599
sample_12,0.0227416224793827,0.977256821170345,1.55635027186546e-06
sample_13,0.000106480282468865,0.997397980891085,0.00249553882644584
sample_14,0.999476884222374,0.000523115753437398,2.4188681752742e-11
sample_15,0.999293177442764,0.000706822512832387,4.4403222200658e-11
sample_16,0.000784032235982021,0.999122825620603,9.31421434153995e-05
sample_17,0.0097422760479274,0.990255300396616,2.42355545639314e-06
sample_18,0.00638979756078962,0.993609208445474,9.93993736581944e-07
sample_19,0.00453756026914432,0.995460590967939,1.84876291705846e-06
sample_20,0.00233006115066795,0.997660629608158,9.30924117380913e-06
sample_21,0.00211032332672217,0.997889151516991,5.25156286784967e-07
sample_22,0.997901813608291,0.00209818627133775,1.20370833634384e-10
sample_23,0.00344299094020736,0.996553569483972,3.43957582045239e-06
sample_24,0.000120404898375088,0.999821003967516,5.85911341091775e-05
sample_25,0.988610084309976,0.0113899152252046,4.6481944578833e-10
sample_26,0.999876391213255,0.000123608781748332,4.99704286679723e-12
sample_27,0.000379517340964075,0.999588203969924,3.22786891119449e-05
sample_28,0.00755892312472871,0.992440002868934,1.07400633720319e-06
sample_29,0.978568964044456,0.0214310338760677,2.07947594612769e-09
sample_30,0.000550712392571056,0.999435142054085,1.41455533439997e-05
sample_31,0.933381957920075,0.0666180373023181,4.77760717152138e-09
sample_32,0.999767006181531,0.000232993808959477,9.50924026673092e-12
sample_33,0.994416720701327,0.00558327905807823,2.40594643828841e-10
sample_34,0.998125275021805,0.00187472489879756,7.93970827659825e-11
sample_35,0.991886409851359,0.00811358975589801,3.92743048424913e-10
sample_36,0.00387994722552012,0.996118811674133,1.24110034671885e-06
sample_37,0.093683575701737,0.906316196687723,2.27610539978132e-07
sample_38,0.967218471793182,0.0327815263137866,1.89303184919556e-09
sample_39,0.00357879677600088,0.996420637017102,5.66206897171319e-07
sample_40,0.999784982901525,0.000215017090276402,8.19871297321399e-12
sample_41,0.00215697274954655,0.997838745160438,4.2820900154813e-06
sample_42,0.00191592503115969,0.998080426471943,3.64849689746108e-06
sample_43,0.0202742381399,0.97972354289663,2.2189634697804e-06
sample_44,0.000995936682302154,0.998999496647314,4.56667038353259e-06
sample_45,0.983808573439098,0.0161914260933333,4.67568198653284e-10
sample_46,0.000854420594621686,0.999102925412976,4.26539924026134e-05
sample_47,0.00302884404757186,0.996967770288301,3.38566412684719e-06
sample_48,0.999352602549335,0.00064739743189589,1.87687385388292e-11
sample_49,9.1997713501924e-09,0.000368670310589518,0.999631320489639
sample_50,0.999884448886784,0.000115551107825351,5.39059228293446e-12
sample_51,0.999625236738423,0.000374763246241598,1.53351557382323e-11
sample_52,0.864786534068525,0.135213457470356,8.4611189935521e-09
sample_53,0.99981969381928,0.000180306174477931,6.24210078009418e-12
sample_54,0.000412857884353213,0.999106615446479,0.000480526669167399
sample_55,5.06668645667384e-09,0.000248862018235093,0.999751132915078
sample_56,0.00591702304761022,0.994081998874258,9.78078132368718e-07
sample_57,9.45792401515795e-09,0.00047580143776224,0.999524189104314
sample_58,0.000116970151091084,0.998327826921051,0.00155520292785788
sample_59,0.999790469895531,0.000209530095510663,8.95803819932283e-12
sample_60,0.99933405400478,0.000665945959227247,3.59925539166096e-11
sample_61,6.03541404693201e-06,0.198400515065505,0.801593449520448
sample_62,0.982034204033541,0.0179657945826773,1.38378213702374e-09
sample_63,0.000764278054713292,0.999233998294056,1.72365123078691e-06
sample_64,0.999240226912402,0.000759773035953962,5.16437753602704e-11
sample_65,8.74141011373765e-08,0.0034565876038719,0.996543324982027
sample_66,0.993037068730914,0.00696293098688663,2.82199063833466e-10
sample_67,0.997645183392248,0.00235481642916002,1.78591744471608e-10
sample_68,1.30976993484023e-06,0.0443988920920011,0.955599798138064
sample_69,0.995356376797849,0.00464362300806666,1.94084777717558e-10
sample_70,0.998714531699635,0.00128546824235791,5.80065710775347e-11
sample_71,0.000538979672926491,0.999459124454002,1.89587307179168e-06
sample_72,0.960867281033329,0.0391327166214959,2.34517523948519e-09
sample_73,9.24883297246073e-05,0.999498040417196,0.000409471253079637
sample_74,0.00779872344651273,0.992200620532021,6.56021465889601e-07
sample_75,0.998159558101832,0.0018404418289843,6.91835468112669e-11
sample_76,0.999532590163177,0.000467409817751703,1.90717430961915e-11
sample_77,0.00282963630273571,0.997169719948101,6.43749163394955e-07
sample_78,0.999639632469098,0.000360367518039793,1.28624306869355e-11
sample_79,0.000169758159713836,0.999698588701311,0.000131653138975543
sample_80,0.99801025413319,0.00198974578152455,8.52859630077309e-11
sample_81,0.000138347293802833,0.990949397285914,0.0089122554202834
sample_82,0.00077916149630509,0.999219179402943,1.65910075151325e-06
sample_83,0.000828170919890019,0.999151257865808,2.05712143021216e-05
sample_84,9.46663954930281e-05,0.994936761264409,0.00496857234009852
sample_85,0.999438798446309,0.000561201534758524,1.89325968526708e-11
sample_86,0.999724210776718,0.000275789209678122,1.36036932432993e-11
sample_87,0.997217206081112,0.00278279377849005,1.4039795710603e-10
sample_88,0.999566582963316,0.000433417016172263,2.05118355002354e-11
sample_89,0.000104552221198584,0.999780267023252,0.000115180755549087
sample_90,0.999840153120635,0.000159846872067928,7.2968089780984e-12
sample_91,0.000186115274267133,0.999684430773476,0.000129453952256999
sample_92,0.977671516060178,0.0223284826712866,1.26853543572274e-09
sample_93,0.998639360050286,0.00136063987263161,7.70825310787422e-11
sample_94,0.00189364537785428,0.998087858891128,1.84957310175998e-05
sample_95,4.88046522516885e-09,0.000231022495029285,0.999768972624505
sample_96,0.00235923835687338,0.997639501373115,1.26027001145028e-06
sample_97,3.66441777860421e-05,0.992672776095956,0.00729057972625764
sample_98,0.999472534713821,0.000527465261367041,2.48120654513794e-11
sample_99,8.57814979306771e-05,0.999770126030838,0.000144092471231275
sample_100,0.886116718217195,0.113883265829349,1.59534558518455e-08
sample_101,0.997638492625093,0.00236150727670851,9.81988408217162e-11
sample_102,2.52578473829152e-05,0.992455068074137,0.00751967407848003
sample_103,0.999147120211684,0.000852879751980768,3.63353596248431e-11
sample_104,0.000777701162706781,0.99921628140487,6.01743242371768e-06
sample_105,0.999884359543488,0.000115640451381061,5.13105423527942e-12
sample_106,0.999860341198012,0.000139658796166537,5.82141452548854e-12
sample_107,6.60428249746119e-09,0.000292813484042691,0.999707179911675
sample_108,0.999205684906236,0.00079431506829219,2.54716759645118e-11
sample_109,1.76274967938517e-08,0.000987481380125977,0.999012500992377
sample_110,0.0046708773736824,0.995324031853906,5.0907724115334e-06
sample_111,0.00100860551859212,0.998986464035312,4.93044609642552e-06
sample_112,0.963491190136468,0.0365088073025693,2.5609630694292e-09
sample_113,0.993142083847506,0.00685791582007816,3.32416125886477e-10
sample_114,0.994664777564326,0.00533522209924869,3.36425666601452e-10
sample_115,0.00314406032564601,0.996855349675388,5.89998966246055e-07
sample_116,0.999353651201168,0.000646348776154528,2.26773475496736e-11
sample_117,0.00091033519966549,0.999020923038764,6.8741761570428e-05
sample_118,0.00221259173253721,0.997778747961542,8.66030592040769e-06
sample_119,0.00144088645840732,0.998548367649366,1.07458922263586e-05
sample_120,0.998641897210428,0.00135810272809049,6.14817322300645e-11
sample_121,1.71861309006045e-08,0.000800967900007192,0.999199014913862
sample_122,0.702919079355751,0.297080903209597,1.74346519528233e-08
sample_123,0.000282277828839947,0.99970979658096,7.92559020010252e-06
sample_124,3.73626189333409e-08,0.00212294584308501,0.997877016794296
sample_125,0.997457532890807,0.00254246701557086,9.36218343912754e-11
sample_126,6.13530445320811e-05,0.963594968240739,0.0363436787147289
sample_127,0.899032137255001,0.100967858775998,3.96900058129065e-09
sample_128,0.00908154675068816,0.990915972974184,2.4802751283347e-06
sample_129,0.000811861830922823,0.999167546044886,2.05921241906523e-05
sample_130,0.000336389275438828,0.999584606791593,7.90039329678498e-05
sample_131,7.40470542195685e-09,0.000328299818304728,0.99967169277699
sample_132,0.999842721045717,0.000157278948567007,5.71553634928478e-12
sample_133,0.985345164232834,0.0146548353583922,4.08773246119163e-10
sample_134,0.000188933926565542,0.999552340287059,0.000258725786375105
sample_135,0.895056922901618,0.104943072983083,4.11529949656524e-09
sample_136,0.000641913542167465,0.999286491441234,7.15950165984657e-05
sample_137,1.9628128433305e-08,0.0011695507030425,0.998830429668829
sample_138,0.000485069480842281,0.999399891807055,0.000115038712102395
sample_139,4.91498114599564e-05,0.999455948830314,0.000494901358225676
sample_140,1.9119481563082e-08,0.000983714046020016,0.999016266834498
sample_141,0.00199057622684997,0.997997649325112,1.17744480386595e-05
sample_142,0.990384883251534,0.00961511582191463,9.2655109425241e-10
sample_143,0.999650616742591,0.000349383243985837,1.34235551082357e-11
sample_144,1.30642928093829e-08,0.000759389386649974,0.999240597549057
sample_145,0.000130750214671118,0.99882536043526,0.00104388935006884
sample_146,0.0397201834107545,0.960279415571463,4.01017782509342e-07
sample_147,0.996985983183016,0.00301401670490381,1.12080445102269e-10
sample_148,0.958974246204351,0.0410257515561899,2.23945944840122e-09
sample_149,0.997394923045385,0.00260507687095468,8.36606052108101e-11
sample_150,0.996694765862436,0.00330523405026176,8.73027957368947e-11
sample_151,0.00819378027017907,0.991804611543879,1.60818594233255e-06
sample_152,0.999712871858979,0.000287128127589233,1.34322265217035e-11
sample_153,0.0245768435612869,0.975422406566487,7.49872226175214e-07
sample_154,0.000683580938348731,0.999314170255296,2.24880635529383e-06
sample_155,0.999628515284363,0.000371484702782151,1.28544677371607e-11
sample_156,0.964873448980913,0.0351265486666044,2.35248221232108e-09
sample_157,0.993959174338669,0.00604082530631379,3.5501724128331e-10
sample_158,0.106455397402788,0.893544238121579,3.64475633610392e-07
sample_159,0.999503682276055,0.00049631769980438,2.41404108980518e-11
sample_160,0.00171995056851173,0.998271914660591,8.1347708970817e-06
sample_161,0.744155836862257,0.25584414969388,1.34438621121561e-08
sample_162,0.00205062389069883,0.99794283106685,6.54504245126431e-06
sample_163,0.999469038299493,0.000530961676942638,2.35638960477716e-11
sample_164,0.999876732501885,0.000123267492231114,5.88381133123218e-12
sample_165,0.0045138060021775,0.995482068953086,4.1250447361091e-06
sample_166,0.999405598070607,0.000594401912492797,1.68998800217059e-11
sample_167,0.961842506527423,0.0381574898059049,3.66667208864295e-09
sample_168,0.999633099018449,0.00036690096150871,2.00417192893104e-11
sample_169,3.2235860730792e-08,0.00143296253364449,0.998567005230495
sample_170,0.999638578873027,0.000361421108762623,1.82105638909397e-11
sample_171,0.998375728123308,0.00162427183243459,4.42572096435608e-11
sample_172,0.980314845311588,0.0196851536894037,9.99008836784623e-10
sample_173,0.990742199488448,0.00925780004131666,4.70235857642748e-10
sample_174,0.999604867140579,0.000395132841830678,1.75903417618487e-11
sample_175,4.26843776812867e-08,0.00155828031605443,0.998441676999568
sample_176,0.00064690553670213,0.999342371562825,1.07229004731057e-05
sample_177,0.997731687662546,0.00226831226560953,7.18440616944787e-11
sample_178,0.99505246240521,0.00494753732447463,2.70315456360067e-10
sample_179,0.997923025477734,0.00207697444386916,7.83969506108549e-11
sample_180,0.999103450954711,0.000896549011111942,3.41772260019446e-11
sample_181,0.000538802231889788,0.999411250379849,4.99473882617528e-05
sample_182,0.000134107331494628,0.997369890508213,0.00249600216029223
sample_183,0.000341484709078181,0.999605288866831,5.32264240909048e-05
sample_184,0.0157385628366399,0.984260549892029,8.8727133135799e-07
sample_185,1.43841697705395e-07,0.00855332648919021,0.991446529669112
sample_186,0.999866455224128,0.000133544770590645,5.28123040531288e-12
sample_187,0.999832735217073,0.000167264775923696,7.00319493397636e-12
sample_188,1.32983594762354e-08,0.000700728622876256,0.999299258078764
sample_189,0.971491330373993,0.0285086668536607,2.77234639368111e-09
sample_190,0.000150940222418859,0.999127003750881,0.00072205602670061
sample_191,0.999279450917346,0.000720549042772938,3.988133260013e-11
sample_192,9.34454887910449e-05,0.999658490787703,0.000248063723505815
sample_193,0.00202694069740761,0.997965804867576,7.25443501671744e-06
sample_194,0.000562659788616063,0.999422837263554,1.45029478300455e-05
sample_195,0.999556520062339,0.000443479924860206,1.28006376480513e-11
sample_196,0.957201988049038,0.0427980084135475,3.5374140337123e-09
sample_197,0.00476684329616006,0.995230031769136,3.12493470371302e-06
sample_198,0.999823608920383,0.000176391072157571,7.45914175471003e-12
sample_199,0.993414515367057,0.00658548446831234,1.64630523121465e-10
sample_200,0.00304526903353439,0.996954268082435,4.62884031013186e-07
sample_201,0.997949006735445,0.00205099316548174,9.90733829737523e-11
sample_202,0.00694877633200317,0.993050921711079,3.01956917944246e-07
sample_203,0.998682242471679,0.00131775747040779,5.79134913641417e-11
sample_204,0.74316121034262,0.256838762098244,2.75591355422531e-08
sample_205,0.999283344105542,0.00071665586048332,3.39751707693502e-11
sample_206,0.999414581630495,0.000585418349792449,1.97129230901843e-11
sample_207,0.957906915540532,0.0420930827262656,1.73320282730212e-09
sample_208,0.999393976978266,0.000606022990806035,3.09281509965914e-11
sample_209,0.994146006344121,0.00585399332238764,3.33491164329659e-10
sample_210,0.0036962983409512,0.996301643037322,2.0586217268906e-06
sample_211,0.998114123808191,0.00188587608578438,1.06024655462555e-10
sample_212,0.996202866249235,0.00379713350961874,2.41145989807298e-10
sample_213,0.00489781384188842,0.99510185716003,3.28998081362595e-07
sample_214,0.00556528027153443,0.994427807277733,6.91245073256215e-06
sample_215,0.983096617787589,0.0169033816641949,5.48216285286067e-10
sample_216,0.0091616202141077,0.990836822043699,1.55774219360139e-06
sample_217,0.000547743150029452,0.999399804656061,5.24521939101138e-05
sample_218,0.00372644800760586,0.996273203136156,3.48856237863599e-07
sample_219,1.66878574527797e-08,0.000678712001201744,0.999321271310941
sample_220,0.999693337096715,0.000306662887827487,1.5458006742009e-11
sample_221,0.997709670739324,0.00229032919816623,6.25097583257313e-11
sample_222,0.996770299410798,0.00322970039066306,1.9853914231426e-10
sample_223,0.990160090260997,0.00983990918374304,5.5526015211499e-10
sample_224,0.998100853604725,0.00189914633525793,6.00173552747921e-11
sample_225,0.999673028713951,0.000326971274255697,1.17934051056978e-11
sample_226,0.000483540830336357,0.999460421299341,5.60378703225582e-05
sample_227,0.0060429124892353,0.993955304638671,1.78287209344783e-06
sample_228,8.06023237777805e-05,0.999730540682003,0.000188856994219798
sample_229,0.678219547178817,0.32178042444625,2.83749331383458e-08
sample_230,0.000150286857730127,0.999765480468264,8.42326740057398e-05
sample_231,0.99831436931902,0.00168563062118998,5.97897284165857e-11
sample_232,6.17264022435141e-05,0.969784345032982,0.0301539285647748
sample_233,0.000856749001135483,0.999139587233442,3.66376542247603e-06
sample_234,0.00320336767599818,0.996796160526564,4.71797437526627e-07
sample_235,0.998580107473781,0.00141989247406307,5.21554630751996e-11
sample_236,0.998448144384335,0.00155185551453842,1.01126152996086e-10
sample_237,3.32386288909648e-05,0.982236489182599,0.0177302721885102
sample_238,0.00271039411649016,0.997285583120297,4.02276321274532e-06
sample_239,0.994451025010146,0.00554897477893697,2.10917451607766e-10
sample_240,4.5158145091717e-05,0.994996874464331,0.00495796739057726
sample_241,0.992236110695972,0.00776388897553882,3.28489153494934e-10
sample_242,0.00184580719993357,0.998153411111099,7.81688967998129e-07
sample_243,0.0134446457291584,0.986554351483765,1.00278707649758e-06
sample_244,7.89390754677319e-05,0.993102448156911,0.00681861276762113
sample_245,0.999409490033586,0.000590509928843575,3.75704324443693e-11
sample_246,0.999814879645521,0.000185120347724132,6.75483046025086e-12
sample_247,5.10067131141161e-05,0.945533746218055,0.0544152470688312
sample_248,0.994012586975101,0.00598741276290515,2.61993303920875e-10
sample_249,0.956816274261066,0.0431837228155864,2.92334755443402e-09
sample_250,0.995303899059229,0.00469610078009443,1.60676838200616e-10
sample_251,0.997628075426629,0.0023719243893056,1.84065592945645e-10
sample_252,0.980881950908539,0.0191180483882704,7.03190990138963e-10
sample_253,0.999047071510717,0.000952928434162448,5.51208590394549e-11
sample_254,0.999820570919888,0.000179429073851308,6.26031799105325e-12
sample_255,0.996149460368042,0.00385053948345921,1.48498633407553e-10
sample_256,0.999821602144049,0.000178397848140398,7.81015112177523e-12
sample_257,0.999113756580957,0.000886243387853898,3.11895046737054e-11
sample_258,0.00762786559106852,0.992369774930724,2.35947820774481e-06
sample_259,0.996594045089982,0.0034059546389699,2.71048117840935e-10
sample_260,0.000152952477564742,0.99913877986903,0.000708267653405007
sample_261,0.997259407438717,0.00274059233310106,2.28181897488645e-10
sample_262,0.995205051782097,0.00479494798162777,2.36274999233033e-10
sample_263,0.998569486002606,0.00143051394279847,5.4595810016163e-11
sample_264,0.000856071368880649,0.999142757736214,1.17089490571017e-06
sample_265,3.28673300012677e-07,0.0207656932530776,0.979233978073622
sample_266,2.42719955966737e-07,0.0164345284279214,0.983565228852123
sample_267,9.06714513618713e-05,0.9995533680298,0.000355960518837687
sample_268,0.99969617021596,0.000303829772463802,1.15757497443211e-11
sample_269,0.987912543752911,0.0120874554747342,7.72354546952255e-10
sample_270,0.999758293290865,0.00024170669654211,1.25932309274604e-11
sample_271,0.00305644843322452,0.9969416930495,1.85851727483685e-06
sample_272,0.000186944891983982,0.996941823777782,0.00287123133023429
sample_273,0.985705817148991,0.014294182349086,5.01922703170349e-10
sample_274,0.126081951888578,0.873917887311138,1.60800284134278e-07
sample_275,0.0059342662543759,0.994065444058314,2.89687310433795e-07
sample_276,0.0049077729242484,0.99508942899187,2.79808388138216e-06
sample_277,0.765870193314764,0.234129775432473,3.12527638307489e-08
sample_278,0.0029354563487278,0.99706285169533,1.6919559424974e-06
sample_279,7.6062064248028e-09,0.000286834231695858,0.999713158162098
sample_280,0.735770996646099,0.264228989096604,1.42572971579341e-08
sample_281,0.998421621253429,0.00157837869843705,4.81338733445386e-11
sample_282,0.000956483852345206,0.998935853689575,0.000107662458080014
sample_283,0.998631458433756,0.00136854148695607,7.9287660220027e-11
sample_284,0.0165241325005948,0.983475438959993,4.2853941236038e-07
sample_285,0.965470431553648,0.0345295657668761,2.67947588043599e-09
sample_286,0.999362846281273,0.000637153693137864,2.5589508221563e-11
sample_287,0.999817935957508,0.000182064035338014,7.15377119123671e-12
sample_288,0.997619854485711,0.00238014544981118,6.44782924334695e-11
sample_289,0.999811441789867,0.000188558199049932,1.1083036241771e-11
sample_290,0.999561518769002,0.00043848121312168,1.78764719382524e-11
sample_291,0.843054953508954,0.156945027264402,1.9226643802845e-08
sample_292,0.999661740339819,0.000338259647897176,1.22839703505735e-11
sample_293,0.998666914423406,0.00133308548759638,8.8997615252376e-11
sample_294,0.00205882823351697,0.997940166016657,1.00574982556374e-06
sample_295,0.00194348496072181,0.998050895075515,5.6199637626058e-06
sample_296,0.995916222123494,0.00408377777278883,1.03717228880084e-10
sample_297,1.76464603061953e-05,0.802352161522156,0.197630192017538
sample_298,7.18804135899328e-05,0.948468294285582,0.0514598253008284
sample_299,0.00248067435529589,0.997511402311197,7.9233335069295e-06
sample_300,3.54924641543858e-05,0.997000699911722,0.00296380762412405
sample_301,0.00162439871290627,0.998357556975936,1.80443111573865e-05
sample_302,0.98442487594049,0.0155751232093739,8.50136369968369e-10
sample_303,0.995035859059321,0.00496414076428652,1.76392316924368e-10
sample_304,0.998655047592745,0.00134495236516459,4.209071954153e-11
sample_305,2.93064815268629e-08,0.00179448830703935,0.998205482386479
sample_306,0.00125543701935244,0.998743317732627,1.24524802010063e-06
sample_307,0.99492692045195,0.00507307942071977,1.27330004551545e-10
sample_308,0.00299455088779783,0.997001921254713,3.52785748952462e-06
sample_309,0.866096508414361,0.133903483579608,8.00603104344648e-09
sample_310,0.978014784314708,0.0219852138368954,1.84839632462662e-09
sample_311,0.999447383114581,0.000552616853673827,3.17453372335155e-11
sample_312,0.998555030182809,0.00144496973363478,8.3556548353016e-11
sample_313,1.89358090341549e-08,0.00112899770142194,0.998870983362769
sample_314,0.99908546791376,0.000914532058995666,2.72440107849815e-11
sample_315,0.741276848526913,0.258723132363987,1.91091002144979e-08
sample_316,0.000109155824390676,0.999749009623866,0.000141834551743383
sample_317,0.995203974424132,0.00479602541169713,1.64170592959629e-10
sample_318,0.000959665844934234,0.999009766296747,3.05678583188822e-05
sample_319,0.999766492182573,0.000233507809602688,7.82371643022397e-12
sample_320,0.00138746465670942,0.998598563374378,1.3971968913052e-05
sample_321,0.00405640866040603,0.995941263852005,2.32748758895749e-06
sample_322,0.0102396044145717,0.989758504375727,1.89120970153712e-06
sample_323,0.00157364099431871,0.998418814566487,7.54443919442466e-06
sample_324,0.999621395629718,0.000378604355155336,1.51264312871759e-11
sample_325,0.000151660598349221,0.998880642218922,0.000967697182728325
sample_326,0.00170004593822716,0.998279937903015,2.00161587574936e-05
sample_327,6.43776814793379e-08,0.00273179074929682,0.997268144873022
sample_328,0.997876074481423,0.00212392544933773,6.92394993358409e-11
sample_329,0.989027749801025,0.010972249337079,8.61895952584477e-10
sample_330,0.000739368698513841,0.999245334215406,1.52970860801975e-05
sample_331,0.000370435508012408,0.999557212030423,7.23524615649563e-05
sample_332,5.16238306866593e-07,0.0210169127938771,0.978982570967816
sample_333,0.0272612609420779,0.972737376101683,1.36295623891751e-06
sample_334,0.840550301462368,0.159449688507557,1.00300755627642e-08
sample_335,5.04180343530514e-05,0.970000309783769,0.0299492721818784
sample_336,0.00601040762591561,0.993988551526968,1.04084711623833e-06
sample_337,0.000313463420680567,0.999596235998136,9.03005811838962e-05
sample_338,2.14913350996962e-06,0.130036464998834,0.869961385867656
sample_339,0.000760884824968763,0.999230994868505,8.12030652638314e-06
sample_340,0.000118498249546854,0.999356091484239,0.00052541026621388
sample_341,0.0582127809082219,0.941786822192147,3.96899631122626e-07
sample_342,0.0100979186617847,0.989901067689043,1.01364917261661e-06
sample_343,0.993091058611906,0.00690894117567166,2.1242233859428e-10
sample_344,1.27900432716696e-07,0.00563206814202074,0.994367803957546
sample_345,5.49371984457737e-05,0.955120513709182,0.0448245490923725
sample_346,0.973732298932346,0.0262676993919566,1.67569775351087e-09
sample_347,0.997496912708229,0.00250308709948034,1.92290662880895e-10
sample_348,0.968063216876527,0.0319367820738587,1.04961429420126e-09
sample_349,1.59020445214363e-08,0.000701923793144155,0.999298060304811
sample_350,0.000164025890186984,0.999825522698987,1.04514108261048e-05
sample_351,0.945599044665739,0.0544009535332648,1.80099594089298e-09
sample_352,9.16924375710691e-05,0.980642734927317,0.0192655726351121
sample_353,0.943470635196728,0.0565293624713011,2.33197061931607e-09
sample_354,0.873470552772033,0.126529441321982,5.90598542851859e-09
sample_355,0.00230028649395475,0.997698859641406,8.53864639471382e-07
sample_356,0.985814372113136,0.0141856274711062,4.1575744823633e-10
sample_357,9.35006959230903e-05,0.99963709703183,0.000269402272246817
sample_358,5.75180798353289e-05,0.999400586796084,0.000541895124080306
sample_359,2.07367576204376e-07,0.00760080475632652,0.992398987876097
sample_360,0.997617449973385,0.00238254984697976,1.79635720671341e-10
sample_361,2.81020734270797e-08,0.000986604635183538,0.999013367262743
sample_362,0.988368261626062,0.0116317375113072,8.62631214867411e-10
sample_363,0.000498668326523741,0.999498803022274,2.52865120259601e-06
sample_364,0.00123732921356479,0.998759770935268,2.8998511673554e-06
sample_365,7.67840064463631e-09,0.000418692153515457,0.999581300168084
sample_366,0.0080024935901629,0.991994487482183,3.01892765443843e-06
sample_367,0.00246619844410302,0.997533140839987,6.60715910465151e-07
sample_368,0.00108137354797862,0.998906364433932,1.22620180890649e-05
sample_369,0.99827426957591,0.00172573036636305,5.77264985209987e-11
sample_370,4.97705441670014e-09,0.00022873935410582,0.99977125566884
sample_371,0.999741544837615,0.00025845514974454,1.26408171093892e-11
sample_372,0.999777096859634,0.000222903130138405,1.02279662413047e-11
sample_373,2.06196465769154e-08,0.00124600174219557,0.998753977638158
sample_374,0.000437708477735919,0.999536788660977,2.55028612871399e-05
sample_375,4.75781919983894e-05,0.953387439552132,0.0465649822558693
sample_376,0.99947831336585,0.000521686618664526,1.54854808332746e-11
sample_377,0.999804617378672,0.000195382613843741,7.48383105927336e-12
sample_378,0.999182777618188,0.000817222352537601,2.92742730037907e-11
sample_379,0.998058990172684,0.00194100972020432,1.07111606745516e-10
sample_380,2.04116381510309e-08,0.0012627465204148,0.998737233067947
sample_381,2.45565089862628e-07,0.0111737005678382,0.988826053867072
sample_382,0.857882452021937,0.142117540935304,7.04275905171306e-09
sample_383,7.349710603222e-09,0.000403205197635823,0.999596787452654
sample_384,0.000405248366191239,0.999592319011113,2.43262269545486e-06
sample_385,0.00314849767936906,0.996850926499265,5.75821365745305e-07
sample_386,0.998348361146554,0.00165163875660687,9.68388841197949e-11
sample_387,0.994268931420789,0.00573106826900745,3.10202979564333e-10
sample_388,0.000294176869006355,0.999702578854404,3.24427658971672e-06
sample_389,0.999487562046692,0.000512437934974114,1.83344295254388e-11
sample_390,8.14083783364503e-05,0.997183014691454,0.00273557693020921
sample_391,0.834939851313075,0.16506013914972,9.53720507151265e-09
sample_392,0.00361130902674966,0.996384149156765,4.54181648499995e-06
sample_393,0.999175198153799,0.00082480181030216,3.58985373928895e-11
sample_394,0.998447130940756,0.00155286896612772,9.31158038397713e-11
sample_395,0.957553029176502,0.0424469694102862,1.41321153069715e-09
sample_396,1.88085235680573e-08,0.000732704850336215,0.99926727634114
sample_397,9.24972006567206e-05,0.999769816241243,0.000137686558100484
sample_398,0.999835963889001,0.000164036102285865,8.71349865795716e-12
sample_399,0.998749062894598,0.00125093706287996,4.25215411384273e-11
sample_400,0.000594165521513574,0.999361422940178,4.44115383079938e-05
sample_401,0.000269318741937422,0.999701877435959,2.88038221035295e-05
sample_402,0.992596073357959,0.00740392642598843,2.16052098478203e-10
sample_403,3.14681909672801e-08,0.00119572815522269,0.998804240376586
sample_404,0.984242546284289,0.0157574531285596,5.87151306971993e-10
sample_405,2.98902653686687e-08,0.00129695646982635,0.998703013639908
sample_406,0.00142630202508843,0.998557613410277,1.60845646345869e-05
sample_407,0.000127236745972981,0.999698119788031,0.000174643465995743
sample_408,0.998266038497293,0.0017339614465699,5.61370391448511e-11
sample_409,0.998064643763034,0.0019353561494262,8.7539488664139e-11
sample_410,0.999554099443146,0.000445900534935017,2.19190088332971e-11
sample_411,4.93389365521826e-05,0.995911075153055,0.00403958591039247
sample_412,0.995951235406345,0.00404876441967988,1.73975288500841e-10
sample_413,0.998884539084939,0.00111546085091697,6.41438112261345e-11
sample_414,0.99386460324322,0.00613539634552904,4.11251099376066e-10
sample_415,0.999373087085024,0.000626912894474091,2.05016404472174e-11
sample_416,1.78781980092376e-06,0.0654839453890308,0.934514266791168
sample_417,0.998245832868446,0.00175416699573607,1.35817818697555e-10
sample_418,0.000926384179124153,0.999059355326827,1.42604940489559e-05
sample_419,0.000955073930807442,0.999000872692957,4.40533762356273e-05
sample_420,0.99924760619457,0.00075239377375881,3.16712410850131e-11
sample_421,0.000914444393193866,0.999076382757078,9.1728497280569e-06
sample_422,0.999818590024523,0.000181409965738106,9.7386454808037e-12
sample_423,0.000566641457165967,0.999266832572286,0.000166525970548308
sample_424,0.991176619314153,0.00882338031017357,3.75673496279802e-10
sample_425,0.000797270089379587,0.999172426256989,3.03036536317933e-05
sample_426,1.61623584175368e-08,0.000628841138037728,0.999371142699604
sample_427,9.3275799830018e-05,0.988781957490118,0.0111247667100524
sample_428,5.78301171477349e-05,0.963580703704035,0.0363614661788169
sample_429,0.00217087743116021,0.99782850460572,6.17963119405504e-07
sample_430,0.983792574975351,0.0162074239514008,1.07324876289843e-09
sample_431,1.35756006698017e-08,0.0005881196074327,0.999411866816967
sample_432,0.999803408008189,0.000196591983662002,8.14868467929425e-12
sample_433,3.55525087351466e-08,0.00128263712922404,0.998717327318267
sample_434,0.998965432845768,0.00103456708816303,6.60694398840874e-11
sample_435,0.000189148510342693,0.999638353206507,0.000172498283150251
sample_436,0.742703364715081,0.257296612773333,2.25115863515941e-08
sample_437,3.29461490226471e-05,0.997452292774404,0.00251476107657378
sample_438,0.0442296026496645,0.955770007311245,3.90039090467346e-07
sample_439,1.94165691946517e-08,0.00112096202995565,0.998879018553475
sample_440,0.982012502191243,0.0179874971436446,6.65112111455107e-10
sample_441,0.998916962640347,0.00108303732502042,3.46327197570259e-11
sample_442,0.000612891660022125,0.999374885661715,1.22226782632693e-05
sample_443,0.000327204716865536,0.999669031896554,3.76338658044006e-06
sample_444,0.943015565768647,0.056984429890524,4.34082864537496e-09
sample_445,0.999839599847155,0.000160400145788066,7.05669655905803e-12
sample_446,3.02965841101438e-08,0.00190118849242034,0.998098781210996
sample_447,0.99924888369883,0.000751116269614072,3.15563623964903e-11
sample_448,8.0442662354887e-05,0.990313755031305,0.00960580230633981
sample_449,0.000252786013400767,0.999677565887322,6.96480992773608e-05
sample_450,0.00132627035882978,0.998672867652683,8.61988487283795e-07
sample_451,0.999713000430502,0.000286999560426293,9.0716835544927e-12
sample_452,0.99979740355236,0.000202596436493139,1.1146623750858e-11
sample_453,0.999518215696533,0.00048178428600397,1.74631014072036e-11
sample_454,5.4335007583063e-05,0.922242653332759,0.0777030116596585
sample_455,0.0013915295216883,0.998602307661691,6.16281662063083e-06
sample_456,0.999631048147941,0.000368951837127001,1.49324821926686e-11
sample_457,0.277073309774706,0.722926521457589,1.68767705500683e-07
sample_458,0.00112157334510219,0.998836017867068,4.24087878294991e-05
sample_459,0.00014070115480271,0.999779365179318,7.99336658797968e-05
sample_460,0.00060818585672236,0.999362190545511,2.96235977669648e-05
sample_461,0.00055256550862225,0.999421817944335,2.56165470430537e-05
sample_462,0.00452753338992844,0.995467978173657,4.48843641472893e-06
sample_463,0.991963777825689,0.00803622152033227,6.53978460110292e-10
sample_464,0.000151063601667446,0.999829863324999,1.90730733340102e-05
sample_465,0.98793413456608,0.012065865007222,4.26698090622867e-10
sample_466,0.999199765026195,0.000800234933881448,3.99230070063313e-11
sample_467,0.993253691498103,0.00674630813485536,3.6704170384473e-10
sample_468,0.99960050692121,0.00039949306627716,1.25131808897003e-11
sample_469,0.99847321269818,0.0015267872218059,8.00145182211962e-11
sample_470,0.00027530009552005,0.999531522951371,0.000193176953108995
sample_471,0.999505180747605,0.000494819237542259,1.48531004693389e-11
sample_472,0.999769697050278,0.000230302939957515,9.76427562044222e-12
sample_473,0.999432616508772,0.000567383467132091,2.40961878787284e-11
sample_474,0.998578380710553,0.00142161925190206,3.75451480346285e-11
sample_475,0.0176742936206191,0.98232482451256,8.81866820700159e-07
sample_476,0.988327154174072,0.0116728455413856,2.84542889166017e-10
sample_477,0.000475232185839416,0.999479335072469,4.54327416917561e-05
sample_478,0.995705258356561,0.00429474135155,2.91889039675808e-10
sample_479,0.00047407178012059,0.999524106137728,1.82208215097383e-06
sample_480,1.03102994736506e-08,0.000499937135601723,0.999500052554099
sample_481,8.14018067957331e-05,0.999212449582023,0.000706148611180817
sample_482,1.19415403226044e-08,0.000577405307333862,0.999422582751126
sample_483,7.17164287410684e-05,0.985089604709453,0.0148386788618058
sample_484,0.999391007166412,0.000608992813841894,1.97458667138882e-11
sample_485,0.950583013776397,0.0494169847771624,1.4464403865065e-09
sample_486,0.37894732905264,0.621052527551943,1.4339541736885e-07
sample_487,0.999680294907324,0.000319705080900763,1.17749230978187e-11
sample_488,0.00138344178219877,0.998605410469162,1.11477486395247e-05
sample_489,0.999011071744122,0.000988928221795624,3.40820105199049e-11
sample_490,0.000635673488575193,0.999346369820012,1.79566914127607e-05
sample_491,0.999681287956036,0.000318712029255121,1.47085980998993e-11
sample_492,0.00695596162607676,0.993042894160262,1.144213661327e-06
sample_493,0.975996744660318,0.0240032542972678,1.04241366816822e-09
sample_494,0.993535061209294,0.00646493856255569,2.28150101467996e-10
sample_495,7.07572734776599e-09,0.000361392790732848,0.99963860013354
sample_496,1.4162026252216e-08,0.00073078718938127,0.999269198648592
sample_497,9.84159028215458e-05,0.987853368227829,0.0120482158693496
sample_498,0.00017763111368536,0.999608516991005,0.000213851895309434
sample_499,0.99693560891047,0.00306439099867604,9.08542296051847e-11
sample_500,0.00703463845023679,0.992963759440588,1.60210917497201e-06
sample_501,0.896388601345195,0.103611386752395,1.1902410709157e-08
sample_502,0.000570191446884161,0.999412503698084,1.73048550320291e-05
sample_503,0.972089630409072,0.0279103685367955,1.05413263160021e-09
sample_504,1.05934842611852e-08,0.0005238855784295,0.999476103828086
sample_505,0.999811567624011,0.00018843236839749,7.59090700684537e-12
sample_506,0.960938732301686,0.039061265967472,1.73084162893265e-09
sample_507,0.00180317215470393,0.998186504603656,1.03232416406834e-05
sample_508,0.00190360373495145,0.998089622893427,6.77337162124164e-06
sample_509,0.996767414697663,0.00323258503881556,2.63521976861338e-10
sample_510,0.998495520226931,0.00150447967257539,1.0049354775487e-10
sample_511,0.00174902392338369,0.998247350730941,3.62534567489302e-06
sample_512,6.15466453868763e-09,0.000263680620647314,0.999736313224688
sample_513,0.984822817949849,0.0151771816103057,4.3984513627298e-10
sample_514,4.54726513852992e-05,0.997935146243272,0.0020193811053424
sample_515,0.00781067839201363,0.992188226630984,1.09497700226579e-06
sample_516,0.00667905718338754,0.993320601912262,3.40904350574457e-07
sample_517,0.999284252665785,0.000715747298409319,3.58060283199648e-11
sample_518,0.000474573496622738,0.999480394377572,4.50321258049841e-05
sample_519,0.994741840024322,0.00525815982771109,1.47967157166342e-10
sample_520,0.141148700694683,0.85885106613591,2.33169407311397e-07
sample_521,0.00238242626613494,0.997615006718455,2.56701541038291e-06
sample_522,0.999643885129324,0.000356114856990114,1.3685555144856e-11
sample_523,0.913792364710237,0.0862076314325337,3.85722933423714e-09
sample_524,0.00211335139125464,0.997883159996034,3.4886127110037e-06
sample_525,0.000505514634564982,0.99948680559768,7.6797677546862e-06
sample_526,0.803318798563404,0.196681188511428,1.29251682454099e-08
sample_527,0.0156226161721985,0.984376708892986,6.74934815793142e-07
sample_528,0.999725085924309,0.0002749140669628,8.72790502788429e-12
sample_529,0.00490047887684528,0.995092032811269,7.48831188539807e-06
sample_530,0.879641470593798,0.12035851630856,1.30976423369583e-08
sample_531,0.0182077137867115,0.981791573112669,7.13100619148561e-07
sample_532,0.000503795617666528,0.999472962393014,2.32419893196712e-05
sample_533,0.00038395712847211,0.999507091095973,0.000108951775554927
sample_534,0.00592812780125128,0.994069428649299,2.44354944996509e-06
sample_535,0.00124391476655016,0.998754983775519,1.10145793059776e-06
sample_536,0.000401399972142555,0.999595358834792,3.24119306554365e-06
sample_537,0.99419177363857,0.00580822586077449,5.00655753448037e-10
sample_538,0.00331105782660441,0.996687591716648,1.35045674801891e-06
sample_539,4.51299079258321e-08,0.0025395945777263,0.997460360292366
sample_540,0.00861679437699231,0.991382938979201,2.66643807098601e-07
sample_541,0.000104707692151594,0.980786057467384,0.0191092348404646
sample_542,0.000587457012214356,0.999362348610406,5.01943773801941e-05
sample_543,0.000941734542791757,0.999057043882671,1.22157453713147e-06
sample_544,0.965944532501076,0.0340554653186139,2.18031022310077e-09
sample_545,0.999817737818633,0.000182262173902204,7.46442192804349e-12
sample_546,9.88636173781955e-09,0.000387670475006505,0.999612319638632
sample_547,0.999549446886756,0.000450553100051456,1.31926911011502e-11
sample_548,5.45360882560266e-05,0.9825304447253,0.0174150191864442
sample_549,0.994347641988675,0.00565235780321773,2.08107558707255e-10
sample_550,0.999828757204363,0.000171242786730301,8.90669184292016e-12
sample_551,4.99994118512039e-05,0.864218409881834,0.135731590706314
sample_552,0.00022127140229586,0.999772891152013,5.83744569106889e-06
sample_553,0.982360703123867,0.0176392963783934,4.97739163319054e-10
sample_554,0.00019783420546338,0.999568679824692,0.000233485969844664
sample_555,0.999852694453899,0.000147305538667621,7.4333208057473e-12
sample_556,0.999853323182919,0.000146676811195681,5.88565042715321e-12
sample_557,4.60320929855707e-05,0.94235736017254,0.0575966077344744
sample_558,0.000863856719481918,0.999115704788608,2.04384919095422e-05
sample_559,0.00461468652185169,0.995384050978877,1.26249927122251e-06
sample_560,5.34375184404781e-09,0.000228863896358208,0.99977113075989
sample_561,0.999462297008579,0.000537702963324849,2.80966856704513e-11
sample_562,0.000465346687081181,0.999455305633396,7.93476795231902e-05
sample_563,4.90053316826988e-05,0.998283147197089,0.00166784747122805
sample_564,0.36164752921957,0.638352364193772,1.06586658172306e-07
sample_565,0.999622496772502,0.000377503215036236,1.24613777652964e-11
sample_566,0.000550803452320403,0.999434439906557,1.47566411224395e-05
sample_567,0.00202228391256918,0.997976951562712,7.64524718829581e-07
sample_568,0.997594031301103,0.0024059686319215,6.69754289790549e-11
sample_569,0.908824035880252,0.0911759569661138,7.15363402550558e-09
sample_570,0.998656650270936,0.0013433496546623,7.44018435186844e-11
sample_571,2.72057655168776e-08,0.000961589181897007,0.999038383612337
sample_572,0.0038198488888037,0.996178427142297,1.72396889943019e-06
sample_573,0.9956722658977,0.00432773388316719,2.19132709652343e-10
sample_574,1.22124330717318e-08,0.000513074592728761,0.999486913194838
